485 0 22 1
2,373 0 63 12
5,632 0 585 3
2,019 0 292 3
895 0 32 2
2,730 0 361 2
2,757 0 518 5
1,580 0 244 2
1,830 0 287 2
2,800 0 445 8
2,382 0 110 2
1,491 0 353 14
5,141 0 468 19
6,628 0 527 12
2,243 0 50 32
8,413 0 835 221
2,063 0 451 28
77,241 0 5,148 124
7,497 0 848 11
4,514 0 764 73
15,016 0 2,074 86
15,337 0 1,471 233
1,129 0 36 15
5,049 0 556 20
3,854 0 387 20
2,170 0 165 1
1,608 0 228 28
1,900 0 65 30
1,912 0 76 55
2,240 0 52 47
864 0 37 33
4,655 0 701 64
2,385 0 465 31
21,427 0 1,959 45
4,664 0 506 60
3,355 0 611 71
1,339 0 63 10
1,632 0 74 41
1,314 0 60 19
1,068 0 48 35
1,661 0 53 69
1,753 0 65 99
4,734 0 307 110
1,688 0 39 56
1,472 0 39 57
2,285 0 73 47
879 0 31 19
3,294 0 401 34
14,146 0 1,311 108
2,784 0 491 19
2,110 0 129 47
4,674 0 220 108
2,088 0 69 47
4,597 0 185 71
4,307 0 467 30
2,101 0 133 36
4,514 0 739 306
2,110 0 483 28
3,934 0 278 83
1,850 0 40 93
1,531 0 23 11
3,566 0 126 136
3,607 0 984 128
5,760 0 1,387 213
3,324 0 654 74
3,340 0 732 170
3,601 0 528 126
189,717 0 17,043 985
1,227 0 163 27
17,498 0 2,104 587
1,641 0 156 32
1,294 0 75 50
12,070 0 2,451 208
4,704 0 569 25
1,320 0 218 62
0 0 0 0
886 0 25 8
2,273 0 122 172
2,993 0 770 49
1,083 0 283 27
2,518 0 425 39
2,827 0 514 82
581 0 44 14
587 0 25 12
1,623 0 49 65
4,597 0 753 100
1,723 0 209 75
1,695 0 257 31
5,612 0 522 219
2,411 0 405 60
2,170 0 158 33
1,877 0 201 43
5,830 0 972 130
2,041 0 35 15
53,041 25,676 3,409 6,713
1,707 0 129 25
2,723 0 523 38
4,744 0 385 76
3,376 0 572 28
2,707 0 412 51
3,968 0 540 85
20,307 0 2,340 253
1,410 0 74 23
6,028 0 657 106
3,466 0 314 82
52,332 0 5,017 842
2,252 0 505 27
2,046 0 273 62
3,444 0 263 84
1,543 0 81 27
3,001 0 303 128
32,322 0 5,358 682
1,324 0 90 16
1,565 0 75 35
4,635 0 189 158
3,402 0 338 38
14,136 0 2,039 324
2,121 0 202 76
1,105 0 67 6
0 0 0 0
3,555 0 531 120
1,657 0 56 50
4,674 0 235 181
621 0 26 6
4,588 0 1,043 83
3,340 0 251 62
4,157 0 1,193 101
3,221 0 342 480
5,522 0 488 118
3,274 0 431 64
2,753 0 483 10
2,627 0 206 90
3,907 0 168 168
1,907 0 85 85
3,745 0 513 98
3,555 0 531 120
1,657 0 56 50
4,674 0 235 181
621 0 26 6
4,588 0 1,043 83
3,340 0 251 62
4,157 0 1,193 101
3,221 0 342 480
5,522 0 488 118
3,274 0 431 64
2,753 0 483 10
2,627 0 206 90
3,907 0 168 168
1,907 0 85 85
3,745 0 513 98
1,723 0 408 16
1,709 0 99 85
4,460 0 954 154
2,264 0 561 127
47,287 0 3,967 404
2,167 0 379 14
8,210 0 728 383
4,243 0 398 44
2,800 0 84 88
1,872 0 367 40
9,163 0 947 122
7,260 0 587 315
2,494 0 246 37
31,076 0 6,013 1,408
8,573 0 1,627 245
1,723 0 408 16
1,709 0 99 85
4,460 0 954 154
2,264 0 561 127
47,287 0 3,967 404
2,167 0 379 14
8,210 0 728 383
4,243 0 398 44
2,800 0 84 88
1,872 0 367 40
9,163 0 947 122
7,260 0 587 315
2,494 0 246 37
31,076 0 6,013 1,408
8,573 0 1,627 245
1,243 0 326 17
2,704 0 125 59
2,135 0 408 78
3,954 0 595 83
6,122 0 613 69
3,941 0 453 61
2,130 0 72 41
10,669 0 1,174 55
5,666 0 1,451 126
4,859 0 551 59
3,690 0 254 50
108,163 0 11,024 5,525
1,479 72,804 111 150
812,014 0 41,419 4,121
48,162 0 6,651 2,459
1,243 0 326 17
2,704 0 125 59
2,135 0 408 78
3,954 0 595 83
6,122 0 613 69
3,941 0 453 61
2,130 0 72 41
10,669 0 1,174 55
5,666 0 1,451 126
4,859 0 551 59
3,690 0 254 50
108,163 0 11,024 5,525
1,479 72,804 111 150
812,014 0 41,419 4,121
48,162 0 6,651 2,459
1,243 0 326 17
2,704 0 125 59
2,135 0 408 78
3,954 0 595 83
6,122 0 613 69
3,941 0 453 61
2,130 0 72 41
10,669 0 1,174 55
5,666 0 1,451 126
4,859 0 551 59
3,690 0 254 50
108,163 0 11,024 5,525
1,479 72,804 111 150
812,014 0 41,419 4,121
48,162 0 6,651 2,459
14,671 0 3,918 159
2,240 0 22 63
15,234 0 5,950 690
59,222 0 14,470 2,328
1,263,311 18,816 176,926 23,019
1,883,433 0 191,632 33,576
879,947 0 104,733 7,958
303,404 0 28,685 1,504
104,444 0 14,789 1,663
379,609 0 44,377 16,788
9,213 0 4,143 579
65,479 0 9,875 2,125
25,330 0 5,710 737
29,512 0 7,756 1,555
7,069 0 2,819 421
14,671 0 3,918 159
2,240 0 22 63
15,234 0 5,950 690
59,222 0 14,470 2,328
1,263,311 18,816 176,926 23,019
1,883,433 0 191,632 33,576
879,947 0 104,733 7,958
303,404 0 28,685 1,504
104,444 0 14,789 1,663
379,609 0 44,377 16,788
9,213 0 4,143 579
65,479 0 9,875 2,125
25,330 0 5,710 737
29,512 0 7,756 1,555
7,069 0 2,819 421
14,671 0 3,918 159
2,240 0 22 63
15,234 0 5,950 690
59,222 0 14,470 2,328
1,263,311 18,816 176,926 23,019
1,883,433 0 191,632 33,576
879,947 0 104,733 7,958
303,404 0 28,685 1,504
104,444 0 14,789 1,663
379,609 0 44,377 16,788
9,213 0 4,143 579
65,479 0 9,875 2,125
25,330 0 5,710 737
29,512 0 7,756 1,555
7,069 0 2,819 421
14,671 0 3,918 159
2,240 0 22 63
15,234 0 5,950 690
59,222 0 14,470 2,328
1,263,311 18,816 176,926 23,019
1,883,433 0 191,632 33,576
879,947 0 104,733 7,958
303,404 0 28,685 1,504
104,444 0 14,789 1,663
379,609 0 44,377 16,788
9,213 0 4,143 579
65,479 0 9,875 2,125
25,330 0 5,710 737
29,512 0 7,756 1,555
7,069 0 2,819 421
3,840 0 2,321 195
7,147 0 4,184 597
8,410 0 3,829 412
350,791 44,390 45,068 27,370
48,384 0 8,304 2,522
15,533 0 2,784 164
730,014 0 60,499 9,096
972 0 16 13
179,833 0 27,038 4,703
16,816 29,668 7,820 1,290
9,234 0 3,510 805
917,316 31,245 152,216 31,765
48,653 0 7,510 740
34,117 0 2,850 1,389
91,836 49,225 17,026 4,122
2,304 0 1,086 127
28,205 0 4,190 1,539
2,231 0 161 303
3,058 0 541 112
3,666 0 347 187
6,094 0 1,523 382
6,530 0 567 456
255,938 0 26,071 9,790
838,448 59,194 144,536 39,894
16,860 0 1,726 775
36,330 0 3,422 456
7,574 27,945 3,802 834
15,281 0 1,708 482
17,456 16,057 6,458 1,101
7,572 0 1,572 350
6,598 0 1,563 224
912,270 10,498 86,149 18,424
3,188 6,684 6,447 71
3,555 0 1,332 210
1,205 0 88 37
20,612 0 3,072 617
23,473 0 2,009 363
1,559 209 129 37
31,399 0 2,398 268
355,495 0 21,884 12,506
16,622 0 2,673 1,318
828 0 232 20
8,951 0 1,258 282
1,264 0 85 20
278,694 21,759 41,251 4,866
6,598 0 1,563 224
912,270 10,498 86,149 18,424
3,188 6,684 6,447 71
3,555 0 1,332 210
1,205 0 88 37
20,612 0 3,072 617
23,473 0 2,009 363
1,559 209 129 37
31,399 0 2,398 268
355,495 0 21,884 12,506
16,622 0 2,673 1,318
828 0 232 20
8,951 0 1,258 282
1,264 0 85 20
278,694 21,759 41,251 4,866
2,881,545 65,367 316,101 82,965
45,929 0 12,155 2,048
7,017 0 2,353 225
5,634 0 1,608 335
163,224 11,732 13,116 5,963
9,735 26,813 5,566 841
2,445,519 0 201,886 20,924
5,496 0 1,048 112
384,153 63,476 61,209 15,438
2,364 23,138 3,396 198
6,515 0 1,405 314
14,525 0 1,030 591
15,284 0 2,868 719
535 0 231 12
2,310 0 541 40
26,766 13,869 3,611 551
4,607 0 1,165 217
2,605 0 195 185
50,389 76,854 7,768 2,400
775,144 36,428 138,423 40,696
10,998 0 1,024 511
9,498 0 868 148
50,979 72,617 13,044 3,505
3,527 0 321 140
1,326 0 57 60
7,080 0 405 638
4,754 0 178 358
3,493 0 158 237
20,644 0 1,828 956
2,784 0 578 41
2,077 0 278 69
4,496 0 171 332
67,382 0 3,461 848
27,136 0 6,224 949
1,770 0 321 108
810 0 75 56
9,136 0 535 764
1,641 0 201 33
31,351 0 2,566 2,040
1,079 0 92 100
1,646 0 55 33
1,693 0 116 174
15,096 0 2,228 363
166,354 0 32,266 14,600
21,025 0 664 898
2,079 0 64 36
15,337 0 1,309 161
11,536 0 1,074 239
8,386 0 205 232
3,081 0 1,103 198
1,867 0 654 269
2,997 0 768 225
1,882 0 400 142
972 0 414 75
1,249 0 295 74
1,711 0 269 134
13,448 0 1,398 722
6,711 0 1,300 259
1,862 0 66 44
3 0 0 0
969 0 218 50
1,006 0 158 49
1,980 0 846 54
2,570 0 93 37
1,058 0 34 25
4,267 0 448 448
2,434 0 323 141
681 0 118 27
2,373 0 267 109
17,522 0 1,261 1,869
1,000 0 25 38
1,134 0 135 48
1,895 0 47 77
3,948 0 1,076 78
2,408 0 99 66
2,427 0 200 180
43,343 0 8,613 2,654
2,792 0 267 216
1,974 0 81 27
1,003 0 144 86
3,182 0 440 110
1,079 0 84 26
116,490 70,133 9,006 15,446
3,187 0 169 32
2,298 0 91 55
918 0 260 25
13,199 0 2,814 639
5,841 41,186 2,570 665
2,210 0 60 61
17,291 0 1,344 1,575
8,409 0 196 242
6,403 0 321 121
1,279 0 49 23
1,064 0 131 52
2,670 0 95 46
30,186 0 5,208 956
4,315 0 198 22
1,267 0 43 34
1,267 0 156 57
759 0 30 8
5,584 0 254 448
2,270 0 526 56
2,282 0 123 28
2,319 0 66 126
3,601 0 162 275
4,891 0 301 155
34,842 0 7,244 2,147
1,185 0 37 42
855 0 27 17
1,982 0 375 63
75,476 133,300 11,022 2,700
5,768 0 878 129
1,487 0 41 66
1,177 0 33 14
2,888 0 617 86
571 0 87 9
1,396 0 108 109
996 0 120 90
7,176 0 2,322 272
1,229 0 93 82
11,814 0 2,275 772
3,230 0 370 88
800 0 19 11
24,502 102,524 12,226 2,295
15,636 0 802 566
783 0 12 28
2,867 0 277 81
3,821 0 668 114
3,860 0 96 84
1,995 0 150 124
5,724 0 1,976 266
3,269 0 103 134
1,028 0 89 30
8,618 0 3,114 128
621 0 70 12
5,519 0 348 414
1,211 0 76 67
2,474 0 160 125
1,959 0 78 27
3,739 0 871 96
1,969 0 271 36
700 0 78 31
11,034 0 702 838
3,989 0 117 288
5,026 0 269 224
266,090 0 16,149 924
1,943 0 77 19
9,096 60,318 7,821 1,057
1,852 0 466 142
728,022 0 38,352 4,876
2,022 0 590 87
3,648 0 163 62
840 0 336 33
3,294 0 153 46
3,001 0 344 126
797 0 154 23
1,326 0 106 43
2,366 0 120 172
2,753 0 85 134
795 0 97 8
2,055 0 241 131
1,136 0 26 45
18,430 0 4,708 667
49,134 0 5,385 596
1,126 0 24 25
1,384 0 165 77
1,251 0 72 67
1,410 0 98 70
164,388 0 11,842 890
1,341 0 53 63
914 0 40 14
2,980 0 90 77
8,898 0 1,856 313
78,420 0 5,501 228
1,119 0 30 25
10,521 0 397 225
15,525 0 2,301 189
22,021 65,141 3,806 3,736
1,440 0 50 17
844 0 184 51
4,112 0 644 361
937 0 22 26
12,825 0 2,155 360
917 0 85 20
772 0 13 12
14,131 0 2,278 868
1,432 0 47 30
1,138 0 26 37
132,824 0 9,891 1,314
13,959 15,100 4,118 1,035
587 0 57 9
15,596 0 1,089 1,142
2,477 0 308 57
1,779 0 122 93
1,297 0 120 30
10,362 0 577 680
1,171 0 85 93
914 0 46 7
1,202 0 68 91
1,872 0 98 157
2,074 0 107 147
2,222 0 62 38
3,117 0 119 246
964 0 791 16
2,066 0 155 227
662 0 17 4
1,188,513 152,699 234,909 55,831
9,317 0 438 716
17,327 61,478 1,171 2,102
553 0 55 25
10,362 0 577 680
1,171 0 85 93
914 0 46 7
1,202 0 68 91
1,872 0 98 157
2,074 0 107 147
2,222 0 62 38
3,117 0 119 246
964 0 791 16
2,066 0 155 227
662 0 17 4
1,188,513 152,699 234,909 55,831
9,317 0 438 716
17,327 61,478 1,171 2,102
553 0 55 25
84,000 0 12,337 422
657 0 50 25
4,775 0 154 352
966 0 84 55
3,499 0 300 57
3,867 0 151 307
2,172 0 114 88
1,935 0 56 62
508 0 50 12
5,619 0 774 214
1,806 0 119 92
1,560 0 30 51
561 0 45 23
3,099 0 261 197
1,815 0 109 88
1,510 0 140 83
1,214 0 165 79
15,840 0 1,775 349
4,980 0 259 71
4,135 0 278 416
1,865 0 104 86
1,249 0 43 42
1,051 0 22 24
2,811 0 93 93
4,259 0 440 182
1,024 0 71 86
4,469 0 125 187
1,959 0 207 53
872 0 70 54
2,279 0 102 103
1,510 0 140 83
1,214 0 165 79
15,840 0 1,775 349
4,980 0 259 71
4,135 0 278 416
1,865 0 104 86
1,249 0 43 42
1,051 0 22 24
2,811 0 93 93
4,259 0 440 182
1,024 0 71 86
4,469 0 125 187
1,959 0 207 53
872 0 70 54
2,279 0 102 103
2,074 0 445 200
5,618 0 330 640
1,440 0 56 39
4,332 0 558 195
1,985 0 111 100
953 0 33 13
2,147 0 142 214
1,202 0 17 40
23,354 12,782 7,588 1,243
27,504 58,708 7,878 1,946
1,704 0 246 39
1,193 0 25 41
2,203 43 148 238
1,189 0 25 19
1,442 0 133 98
7,886 8,907 1,673 761
6,480 18,578 800 1,194
2,366 0 85 51
2,542 0 177 178
3,400 2,823 143 381
13,892 36,278 2,309 1,192
51,601 1,483 3,684 754
102,936 46,165 13,509 4,463
8,069 9,510 811 724
102,029 18,397 13,255 2,735
2,932,070 113,377 342,315 96,974
1,892 0 155 107
1,126 0 24 42
169,495 60,798 15,806 5,069
20,199 0 2,788 227
7,886 8,907 1,673 761
6,480 18,578 800 1,194
2,366 0 85 51
2,542 0 177 178
3,400 2,823 143 381
13,892 36,278 2,309 1,192
51,601 1,483 3,684 754
102,936 46,165 13,509 4,463
8,069 9,510 811 724
102,029 18,397 13,255 2,735
2,932,070 113,377 342,315 96,974
1,892 0 155 107
1,126 0 24 42
169,495 60,798 15,806 5,069
20,199 0 2,788 227
801 0 19 22
184,218 63,946 19,597 4,671
31,297 0 2,849 150
1,856 11,740 205 26
46,230 57,744 9,712 2,095
2,521 0 581 73
1,783,693 182,954 226,446 67,671
36,807 18,168 7,080 3,513
1,312 0 32 35
8,833 29,593 1,468 1,932
4,744 0 367 539
1,933 0 229 94
21,568 0 1,694 106
184,844 121,744 25,102 16,979
132,545 0 12,131 1,991
7,494 0 1,933 86
8,959 0 807 204
252,578 105,703 45,571 14,063
3,042 1,972 225 64
4,451 0 1,560 152
1,249 0 49 18
1,424 0 33 43
33,423 0 2,420 214
730 0 18 16
1,763 0 257 94
5,841 0 306 190
5,967 36,274 1,096 418
6,910 0 965 144
358,012 16,026 16,667 2,545
1,353 0 196 59
7,494 0 1,933 86
8,959 0 807 204
252,578 105,703 45,571 14,063
3,042 1,972 225 64
4,451 0 1,560 152
1,249 0 49 18
1,424 0 33 43
33,423 0 2,420 214
730 0 18 16
1,763 0 257 94
5,841 0 306 190
5,967 36,274 1,096 418
6,910 0 965 144
358,012 16,026 16,667 2,545
1,353 0 196 59
25,326 56,840 3,573 4,929
2,096 0 233 114
1,044 0 40 18
672 0 160 54
17,354 0 2,110 969
1,240 0 168 70
68,228 0 7,830 907
861 0 14 27
2,619 0 224 207
2,772 0 180 207
2,001 0 271 144
6,737 0 549 240
81,246 0 18,418 2,708
524 0 118 35
2,199 0 874 40
48,068 0 8,591 836
1,917 0 202 147
685 0 13 5
4,097 0 690 37
6,354 0 680 360
1,598,713 0 135,011 27,597
1,061 0 131 57
1,707 0 143 126
977 0 22 32
2,113 0 761 20
3,179,736 75,215 406,444 118,740
2,749 0 218 238
1,698 0 638 25
2,389 0 59 124
30,937 66,667 7,179 1,692
48,068 0 8,591 836
1,917 0 202 147
685 0 13 5
4,097 0 690 37
6,354 0 680 360
1,598,713 0 135,011 27,597
1,061 0 131 57
1,707 0 143 126
977 0 22 32
2,113 0 761 20
3,179,736 75,215 406,444 118,740
2,749 0 218 238
1,698 0 638 25
2,389 0 59 124
30,937 66,667 7,179 1,692
12,841 0 1,488 511
6,500 0 993 463
62,176 80,705 18,609 9,601
1,982 0 47 45
844 0 16 28
1,956 0 190 51
111,636 109,279 23,120 14,429
58,252 0 8,331 9,744
4,902 0 788 285
1,478 0 111 76
2,594 0 420 20
2,538 0 600 169
5,592 0 1,022 127
1,811 0 303 39
1,294 0 110 131
1,372 0 414 35
1,223 0 28 20
8,679 0 1,542 352
123,420 0 7,791 300
588 0 23 8
426 0 22 6
3,264 0 236 206
1,941 0 356 99
1,591 0 597 29
5,851 0 1,998 210
25,589 0 3,187 114
4,283 0 1,141 193
1,333 0 266 60
2,980 0 375 94
1,664 0 100 87
1,372 0 414 35
1,223 0 28 20
8,679 0 1,542 352
123,420 0 7,791 300
588 0 23 8
426 0 22 6
3,264 0 236 206
1,941 0 356 99
1,591 0 597 29
5,851 0 1,998 210
25,589 0 3,187 114
4,283 0 1,141 193
1,333 0 266 60
2,980 0 375 94
1,664 0 100 87
3,887 0 749 59
8,117 0 930 72
11,617 63,893 8,002 1,505
10,763 0 1,501 371
593 0 206 18
696 0 214 45
3,321 914 346 235
6,619 0 986 85
20,820 13,114 3,723 1,530
2,017 0 59 55
1,855 0 351 60
7,935 0 708 535
439,943 0 27,642 3,793
10,513 0 1,007 176
4,332 0 660 156
3,887 0 749 59
8,117 0 930 72
11,617 63,893 8,002 1,505
10,763 0 1,501 371
593 0 206 18
696 0 214 45
3,321 914 346 235
6,619 0 986 85
20,820 13,114 3,723 1,530
2,017 0 59 55
1,855 0 351 60
7,935 0 708 535
439,943 0 27,642 3,793
10,513 0 1,007 176
4,332 0 660 156
2,738 0 318 186
1,584 0 218 89
1,751 0 363 18
6,078 0 2,102 185
2,149,809 36,927 283,970 38,244
9,529 0 1,313 106
4,724 0 688 73
26,508 3,934 2,651 486
3,648 0 985 174
585 0 200 6
3,168 0 225 186
923 0 135 56
1,928 0 227 39
987 0 138 64
2,225 0 214 133
1,714 0 217 31
4,569 0 790 321
3,269 0 574 77
461,509 0 39,069 6,046
778 0 28 22
4,112 0 990 143
111,837 74,594 23,680 4,031
1,347 0 56 27
2,768 0 323 110
1,018 0 116 24
583 0 7 6
572 0 85 7
101,209 147,264 10,775 18,453
1,686 0 129 48
819 0 162 17
872 0 82 45
988 0 19 27
9,877 0 1,625 281
1,006 0 21 19
3,975 0 932 137
77,606 0 5,771 412
3,289 0 431 159
1,612 0 53 25
516,795 156,085 148,850 25,548
1,887 0 245 27
64,933 0 3,793 428
500 0 5 6
5,151 0 662 158
1,019 0 119 40
1,386 0 39 28
3,854 0 779 98
1,554 0 51 32
8,422 0 590 201
959 0 28 10
2,316 0 76 89
364,295 79,055 52,436 9,000
647 0 11 3
69,327 0 5,033 760
26,188 133,500 7,432 7,253
36,748 0 3,815 449
847 0 17 20
5,772 0 495 311
1,424 0 43 17
18,763 0 5,350 577
1,322 0 39 29
4,315 0 885 49
930 7,025 61 42
7,871 0 1,327 102
537 0 5 3
799,052 0 77,908 15,544
3,140 0 134 44
1,548 16,733 258 208
1,288 0 225 20
720 0 32 17
5,386 3,269 412 154
2,252 0 354 96
314,657 0 47,933 971
6,231 27,220 2,395 531
895 0 88 35
1,343 0 43 19
4,315 0 885 49
930 7,025 61 42
7,871 0 1,327 102
537 0 5 3
799,052 0 77,908 15,544
3,140 0 134 44
1,548 16,733 258 208
1,288 0 225 20
720 0 32 17
5,386 3,269 412 154
2,252 0 354 96
314,657 0 47,933 971
6,231 27,220 2,395 531
895 0 88 35
1,343 0 43 19
3,376 0 187 152
196,033 0 12,705 1,269
568 0 10 4
1,297 0 40 23
2,612 0 171 180
90,732 66,601 22,318 4,028
1,091 0 43 6
395 0 21 5
36,172 45,854 14,762 2,125
32,943 31,169 7,772 1,846
2,147 0 189 183
4,880,425 0 477,748 24,811
2,353 931 62 48
507 0 8 8
724 0 8 17
1,434 64,228 736 334
208,720 0 26,269 2,958
2,991,196 61,924 370,656 48,016
4,772 16,068 1,075 398
113,471 0 2,977 105
2,223 14,982 184 186
1,907 0 405 39
1,214,032 70,991 118,688 16,004
891,028 69,776 76,823 11,537
929 0 38 16
1,231 0 64 66
1,166 0 30 25
977 0 75 39
3,136 26,452 2,885 117
788 0 19 16
2,055 0 65 38
8,475 0 982 282
1,383 955 33 52
6,451 0 1,268 130
1,166 0 68 38
866 0 18 21
1,374 0 139 33
24,740 63,554 5,455 1,696
2,937 0 222 235
1,847 0 227 37
80,236 73,222 6,069 5,814
1,446 0 56 26
83,678 57,439 17,022 7,702
15,960 68,438 2,358 2,407
7,570 0 524 87
2,379 0 793 84
3,011 4,299 151 58
1,168 0 92 55
793,368 0 109,684 24,673
3,423 0 283 165
66,146 34,824 10,499 2,241
846,390 74,846 135,531 19,399
22,655 45,083 2,054 1,418
1,039 0 31 27
322,603 67,521 20,028 3,436
1,064 5,919 64 57
4,357 0 878 169
1,985 0 378 29
3,626 27,677 393 413
15,923 25,315 1,767 666
24,340 0 1,800 142
429 0 58 8
1,085 0 236 10
1,675 0 362 23
939 0 83 41
7,650 0 511 288
3,284 0 217 65
1,036 0 45 10
2,344 0 412 62
5,232 6,445 195 293
379,921 138,265 28,314 42,228
738 0 14 13
272,112 131,754 40,077 21,739
864 0 22 6
42,083 61,409 9,063 2,631
6,341 31,821 791 372
3,045 0 749 214
68,669 0 7,902 561
29,179 69,485 5,337 1,567
18,295 0 3,959 122
3,274 0 577 100
551,775 208,615 148,959 40,330
82,725 53,779 8,456 1,468
18,915 63,787 2,306 1,954
3,502,219 73,129 293,614 30,789
816 0 110 50
99,037 138,088 7,361 13,248
14,785 120,769 5,062 4,838
4,560 0 767 53
1,969 0 542 2
61,367 36,858 10,580 3,261
6,284 0 1,377 200
653 0 45 24
69,433 23,203 8,691 1,520
142,211 54,688 38,871 9,298
28,286 75,120 8,534 1,970
14,618 15,665 1,788 969
1,946 0 378 28
46,542 65,142 17,559 3,315
134,888 66,915 26,850 4,941
329,640 13,451 35,689 2,138
434,739 102,750 101,372 8,990
89,119 69,107 15,807 2,891
1,105,276 78,642 190,367 28,607
41,420 0 6,554 694
4,227 0 535 31
1,135,227 33,552 142,767 30,974
0 0 591 50
22 0 376 37
2,304 0 308 107
1,593 0 36 35
31,999 0 3,664 785
53,624 0 5,471 659
1,016,748 72,965 187,380 20,497
52,430 75,761 21,872 5,646
42,460 0 13,492 2,238
2,947,107 0 182,078 15,708
98,024 0 10,648 850
123,794 55,078 89,502 4,423
218,849 57,457 50,147 14,661
1,501 0 161 54
20,338 0 1,590 174
119,620 22,836 19,841 4,326
260,777 33,682 32,207 9,108
1,094,459 30,545 105,314 22,162
2,535 0 426 117
574,658 84,002 106,893 39,051
714,073 32,930 93,252 7,473
1,796,975 30,764 531,109 82,457
78,436 0 12,532 581
304,348 22,612 36,720 5,649
3,489,515 295,157 338,726 26,125
460,652 0 35,593 2,200
32,575 0 2,601 356
75,296 15,911 23,251 4,438
67,731 0 2,830 274
269,530 155,841 38,316 13,936
79,892 18,587 12,760 2,901
183,623 0 10,603 759
7,099 26,850 8,275 218
1,864,512 164,793 301,344 105,029
195,851 83,049 36,563 9,560
1,779 0 256 36
325,841 40,781 17,945 2,594
161,079 226,738 35,971 16,825
8,654 26,083 1,880 4,595
1,862 0 194 123
12,620 69,486 4,706 4,898
1,867 0 230 46
9,701 30,389 30,446 163
67,731 0 2,830 274
269,530 155,841 38,316 13,936
79,892 18,587 12,760 2,901
183,623 0 10,603 759
7,099 26,850 8,275 218
1,864,512 164,793 301,344 105,029
195,851 83,049 36,563 9,560
1,779 0 256 36
325,841 40,781 17,945 2,594
161,079 226,738 35,971 16,825
8,654 26,083 1,880 4,595
1,862 0 194 123
12,620 69,486 4,706 4,898
1,867 0 230 46
9,701 30,389 30,446 163
87,377 0 5,500 985
64,657 0 5,565 869
1,148,686 167,771 253,815 44,946
664,452 244,059 122,782 51,511
233,165 29,912 24,238 5,268
367,897 30,309 22,387 1,689
152,623 0 8,132 1,606
483,180 15,964 48,050 13,682
568,884 341,680 152,802 44,833
438,496 164,345 45,323 10,075
2,570,573 148,623 683,399 166,421
227,569 15,243 16,607 4,394
1,616,210 215,243 202,930 27,418
2,109,881 229,839 476,463 157,972
20,477 28,817 2,937 1,669
87,377 0 5,500 985
64,657 0 5,565 869
1,148,686 167,771 253,815 44,946
664,452 244,059 122,782 51,511
233,165 29,912 24,238 5,268
367,897 30,309 22,387 1,689
152,623 0 8,132 1,606
483,180 15,964 48,050 13,682
568,884 341,680 152,802 44,833
438,496 164,345 45,323 10,075
2,570,573 148,623 683,399 166,421
227,569 15,243 16,607 4,394
1,616,210 215,243 202,930 27,418
2,109,881 229,839 476,463 157,972
20,477 28,817 2,937 1,669
27,970 16,605 3,054 17
0 0 0 0
0 0 0 0
31,161 364,240 122,926 1,703
