2373, 0, 63, 12
5632, 0, 585, 3
2019, 0, 292, 3
895, 0, 32, 2
2730, 0, 361, 2
2757, 0, 518, 5
1580, 0, 244, 2
1830, 0, 287, 2
2800, 0, 445, 8
2382, 0, 110, 2
1491, 0, 353, 14
6628, 0, 527, 12
2243, 0, 50, 32
2063, 0, 451, 28
7497, 0, 848, 11
15337, 0, 1471, 233
1129, 0, 36, 15
5049, 0, 556, 20
3854, 0, 387, 20
2170, 0, 165, 1
1900, 0, 65, 30
2240, 0, 52, 47
864, 0, 37, 33
4655, 0, 701, 64
2385, 0, 465, 31
21427, 0, 1959, 45
4664, 0, 506, 60
1339, 0, 63, 10
1632, 0, 74, 41
1314, 0, 60, 19
1661, 0, 53, 69
1753, 0, 65, 99
4734, 0, 307, 110
1688, 0, 39, 56
1472, 0, 39, 57
2285, 0, 73, 47
3294, 0, 401, 34
14146, 0, 1311, 108
2784, 0, 491, 19
2110, 0, 129, 47
4674, 0, 220, 108
2088, 0, 69, 47
4597, 0, 185, 71
4307, 0, 467, 30
4514, 0, 739, 306
1850, 0, 40, 93
1531, 0, 23, 11
3566, 0, 126, 136
3607, 0, 984, 128
5760, 0, 1387, 213
3324, 0, 654, 74
3340, 0, 732, 170
3601, 0, 528, 126
189717, 0, 17043, 985
1227, 0, 163, 27
17498, 0, 2104, 587
1641, 0, 156, 32
1294, 0, 75, 50
12070, 0, 2451, 208
4704, 0, 569, 25
0, 0, 0, 0
886, 0, 25, 8
2993, 0, 770, 49
2518, 0, 425, 39
2827, 0, 514, 82
587, 0, 25, 12
1623, 0, 49, 65
1723, 0, 209, 75
1695, 0, 257, 31
5612, 0, 522, 219
2411, 0, 405, 60
2170, 0, 158, 33
1877, 0, 201, 43
5830, 0, 972, 130
1707, 0, 129, 25
4744, 0, 385, 76
2707, 0, 412, 51
3968, 0, 540, 85
1410, 0, 74, 23
6028, 0, 657, 106
3466, 0, 314, 82
52332, 0, 5017, 842
2252, 0, 505, 27
2046, 0, 273, 62
3444, 0, 263, 84
1543, 0, 81, 27
3001, 0, 303, 128
32322, 0, 5358, 682
1324, 0, 90, 16
4635, 0, 189, 158
3402, 0, 338, 38
2121, 0, 202, 76
1105, 0, 67, 6
0, 0, 0, 0
3555, 0, 531, 120
4674, 0, 235, 181
621, 0, 26, 6
4588, 0, 1043, 83
3340, 0, 251, 62
4157, 0, 1193, 101
3221, 0, 342, 480
3274, 0, 431, 64
2753, 0, 483, 10
2627, 0, 206, 90
3907, 0, 168, 168
1907, 0, 85, 85
3745, 0, 513, 98
3555, 0, 531, 120
1657, 0, 56, 50
4674, 0, 235, 181
4588, 0, 1043, 83
3340, 0, 251, 62
4157, 0, 1193, 101
3274, 0, 431, 64
1907, 0, 85, 85
3745, 0, 513, 98
1723, 0, 408, 16
1709, 0, 99, 85
4460, 0, 954, 154
2264, 0, 561, 127
2167, 0, 379, 14
8210, 0, 728, 383
1872, 0, 367, 40
9163, 0, 947, 122
7260, 0, 587, 315
2494, 0, 246, 37
8573, 0, 1627, 245
1723, 0, 408, 16
1709, 0, 99, 85
4460, 0, 954, 154
2264, 0, 561, 127
47287, 0, 3967, 404
2167, 0, 379, 14
8210, 0, 728, 383
2800, 0, 84, 88
1872, 0, 367, 40
9163, 0, 947, 122
7260, 0, 587, 315
2494, 0, 246, 37
31076, 0, 6013, 1408
8573, 0, 1627, 245
1243, 0, 326, 17
2704, 0, 125, 59
2135, 0, 408, 78
3954, 0, 595, 83
6122, 0, 613, 69
3941, 0, 453, 61
2130, 0, 72, 41
5666, 0, 1451, 126
4859, 0, 551, 59
3690, 0, 254, 50
108163, 0, 11024, 5525
1479, 72804, 111, 150
812014, 0, 41419, 4121
48162, 0, 6651, 2459
1243, 0, 326, 17
2704, 0, 125, 59
2135, 0, 408, 78
6122, 0, 613, 69
10669, 0, 1174, 55
5666, 0, 1451, 126
4859, 0, 551, 59
3690, 0, 254, 50
108163, 0, 11024, 5525
1479, 72804, 111, 150
812014, 0, 41419, 4121
1243, 0, 326, 17
2704, 0, 125, 59
2135, 0, 408, 78
6122, 0, 613, 69
3941, 0, 453, 61
2130, 0, 72, 41
10669, 0, 1174, 55
4859, 0, 551, 59
108163, 0, 11024, 5525
812014, 0, 41419, 4121
48162, 0, 6651, 2459
14671, 0, 3918, 159
2240, 0, 22, 63
15234, 0, 5950, 690
59222, 0, 14470, 2328
1263311, 18816, 176926, 23019
1883433, 0, 191632, 33576
879947, 0, 104733, 7958
303404, 0, 28685, 1504
104444, 0, 14789, 1663
379609, 0, 44377, 16788
9213, 0, 4143, 579
29512, 0, 7756, 1555
7069, 0, 2819, 421
2240, 0, 22, 63
59222, 0, 14470, 2328
1263311, 18816, 176926, 23019
1883433, 0, 191632, 33576
879947, 0, 104733, 7958
303404, 0, 28685, 1504
104444, 0, 14789, 1663
9213, 0, 4143, 579
65479, 0, 9875, 2125
25330, 0, 5710, 737
29512, 0, 7756, 1555
14671, 0, 3918, 159
59222, 0, 14470, 2328
1263311, 18816, 176926, 23019
1883433, 0, 191632, 33576
879947, 0, 104733, 7958
303404, 0, 28685, 1504
104444, 0, 14789, 1663
379609, 0, 44377, 16788
9213, 0, 4143, 579
25330, 0, 5710, 737
29512, 0, 7756, 1555
7069, 0, 2819, 421
14671, 0, 3918, 159
2240, 0, 22, 63
15234, 0, 5950, 690
59222, 0, 14470, 2328
1263311, 18816, 176926, 23019
1883433, 0, 191632, 33576
879947, 0, 104733, 7958
303404, 0, 28685, 1504
379609, 0, 44377, 16788
9213, 0, 4143, 579
65479, 0, 9875, 2125
29512, 0, 7756, 1555
3840, 0, 2321, 195
7147, 0, 4184, 597
8410, 0, 3829, 412
350791, 44390, 45068, 27370
730014, 0, 60499, 9096
972, 0, 16, 13
179833, 0, 27038, 4703
16816, 29668, 7820, 1290
9234, 0, 3510, 805
917316, 31245, 152216, 31765
48653, 0, 7510, 740
34117, 0, 2850, 1389
2304, 0, 1086, 127
28205, 0, 4190, 1539
2231, 0, 161, 303
3058, 0, 541, 112
3666, 0, 347, 187
6094, 0, 1523, 382
6530, 0, 567, 456
255938, 0, 26071, 9790
838448, 59194, 144536, 39894
36330, 0, 3422, 456
7574, 27945, 3802, 834
15281, 0, 1708, 482
912270, 10498, 86149, 18424
3188, 6684, 6447, 71
3555, 0, 1332, 210
1205, 0, 88, 37
20612, 0, 3072, 617
23473, 0, 2009, 363
1559, 209, 129, 37
31399, 0, 2398, 268
355495, 0, 21884, 12506
16622, 0, 2673, 1318
828, 0, 232, 20
8951, 0, 1258, 282
278694, 21759, 41251, 4866
6598, 0, 1563, 224
3188, 6684, 6447, 71
1205, 0, 88, 37
20612, 0, 3072, 617
23473, 0, 2009, 363
1559, 209, 129, 37
31399, 0, 2398, 268
355495, 0, 21884, 12506
828, 0, 232, 20
8951, 0, 1258, 282
1264, 0, 85, 20
2881545, 65367, 316101, 82965
7017, 0, 2353, 225
5634, 0, 1608, 335
163224, 11732, 13116, 5963
9735, 26813, 5566, 841
2445519, 0, 201886, 20924
5496, 0, 1048, 112
384153, 63476, 61209, 15438
2364, 23138, 3396, 198
6515, 0, 1405, 314
14525, 0, 1030, 591
15284, 0, 2868, 719
535, 0, 231, 12
2310, 0, 541, 40
26766, 13869, 3611, 551
4607, 0, 1165, 217
50389, 76854, 7768, 2400
775144, 36428, 138423, 40696
9498, 0, 868, 148
50979, 72617, 13044, 3505
3527, 0, 321, 140
7080, 0, 405, 638
4754, 0, 178, 358
3493, 0, 158, 237
20644, 0, 1828, 956
2077, 0, 278, 69
4496, 0, 171, 332
27136, 0, 6224, 949
1770, 0, 321, 108
9136, 0, 535, 764
1641, 0, 201, 33
31351, 0, 2566, 2040
1079, 0, 92, 100
1646, 0, 55, 33
1693, 0, 116, 174
15096, 0, 2228, 363
166354, 0, 32266, 14600
21025, 0, 664, 898
2079, 0, 64, 36
15337, 0, 1309, 161
11536, 0, 1074, 239
8386, 0, 205, 232
3081, 0, 1103, 198
2997, 0, 768, 225
1882, 0, 400, 142
972, 0, 414, 75
1249, 0, 295, 74
13448, 0, 1398, 722
6711, 0, 1300, 259
3, 0, 0, 0
969, 0, 218, 50
1006, 0, 158, 49
1058, 0, 34, 25
4267, 0, 448, 448
2434, 0, 323, 141
681, 0, 118, 27
2373, 0, 267, 109
1000, 0, 25, 38
2408, 0, 99, 66
2427, 0, 200, 180
43343, 0, 8613, 2654
2792, 0, 267, 216
1003, 0, 144, 86
3182, 0, 440, 110
1079, 0, 84, 26
116490, 70133, 9006, 15446
2298, 0, 91, 55
918, 0, 260, 25
13199, 0, 2814, 639
8409, 0, 196, 242
1279, 0, 49, 23
1064, 0, 131, 52
2670, 0, 95, 46
30186, 0, 5208, 956
759, 0, 30, 8
5584, 0, 254, 448
2270, 0, 526, 56
2282, 0, 123, 28
2319, 0, 66, 126
3601, 0, 162, 275
4891, 0, 301, 155
34842, 0, 7244, 2147
5768, 0, 878, 129
1177, 0, 33, 14
2888, 0, 617, 86
571, 0, 87, 9
1396, 0, 108, 109
996, 0, 120, 90
7176, 0, 2322, 272
1229, 0, 93, 82
11814, 0, 2275, 772
3230, 0, 370, 88
800, 0, 19, 11
15636, 0, 802, 566
783, 0, 12, 28
2867, 0, 277, 81
3821, 0, 668, 114
3860, 0, 96, 84
1995, 0, 150, 124
5724, 0, 1976, 266
3269, 0, 103, 134
8618, 0, 3114, 128
621, 0, 70, 12
5519, 0, 348, 414
1211, 0, 76, 67
2474, 0, 160, 125
3739, 0, 871, 96
1969, 0, 271, 36
700, 0, 78, 31
11034, 0, 702, 838
3989, 0, 117, 288
5026, 0, 269, 224
266090, 0, 16149, 924
1943, 0, 77, 19
9096, 60318, 7821, 1057
1852, 0, 466, 142
2022, 0, 590, 87
840, 0, 336, 33
3294, 0, 153, 46
3001, 0, 344, 126
1326, 0, 106, 43
2366, 0, 120, 172
2753, 0, 85, 134
795, 0, 97, 8
2055, 0, 241, 131
1136, 0, 26, 45
18430, 0, 4708, 667
49134, 0, 5385, 596
1126, 0, 24, 25
1384, 0, 165, 77
1251, 0, 72, 67
1410, 0, 98, 70
914, 0, 40, 14
2980, 0, 90, 77
8898, 0, 1856, 313
78420, 0, 5501, 228
1119, 0, 30, 25
15525, 0, 2301, 189
22021, 65141, 3806, 3736
1440, 0, 50, 17
844, 0, 184, 51
4112, 0, 644, 361
937, 0, 22, 26
772, 0, 13, 12
14131, 0, 2278, 868
1432, 0, 47, 30
1138, 0, 26, 37
132824, 0, 9891, 1314
15596, 0, 1089, 1142
2477, 0, 308, 57
1779, 0, 122, 93
1297, 0, 120, 30
10362, 0, 577, 680
1171, 0, 85, 93
1202, 0, 68, 91
1872, 0, 98, 157
2074, 0, 107, 147
2222, 0, 62, 38
3117, 0, 119, 246
964, 0, 791, 16
2066, 0, 155, 227
1188513, 152699, 234909, 55831
9317, 0, 438, 716
17327, 61478, 1171, 2102
10362, 0, 577, 680
1171, 0, 85, 93
914, 0, 46, 7
1202, 0, 68, 91
1872, 0, 98, 157
2074, 0, 107, 147
2222, 0, 62, 38
964, 0, 791, 16
2066, 0, 155, 227
662, 0, 17, 4
1188513, 152699, 234909, 55831
9317, 0, 438, 716
17327, 61478, 1171, 2102
553, 0, 55, 25
84000, 0, 12337, 422
4775, 0, 154, 352
966, 0, 84, 55
3499, 0, 300, 57
3867, 0, 151, 307
2172, 0, 114, 88
1935, 0, 56, 62
5619, 0, 774, 214
1806, 0, 119, 92
1560, 0, 30, 51
561, 0, 45, 23
3099, 0, 261, 197
1815, 0, 109, 88
1510, 0, 140, 83
15840, 0, 1775, 349
4980, 0, 259, 71
4135, 0, 278, 416
1865, 0, 104, 86
1249, 0, 43, 42
1051, 0, 22, 24
4259, 0, 440, 182
1024, 0, 71, 86
4469, 0, 125, 187
872, 0, 70, 54
2279, 0, 102, 103
1510, 0, 140, 83
1214, 0, 165, 79
15840, 0, 1775, 349
4980, 0, 259, 71
4135, 0, 278, 416
1865, 0, 104, 86
1249, 0, 43, 42
1051, 0, 22, 24
2811, 0, 93, 93
4259, 0, 440, 182
1024, 0, 71, 86
4469, 0, 125, 187
1959, 0, 207, 53
872, 0, 70, 54
2279, 0, 102, 103
5618, 0, 330, 640
1440, 0, 56, 39
4332, 0, 558, 195
1985, 0, 111, 100
953, 0, 33, 13
2147, 0, 142, 214
1202, 0, 17, 40
23354, 12782, 7588, 1243
27504, 58708, 7878, 1946
1704, 0, 246, 39
1193, 0, 25, 41
2203, 43, 148, 238
1189, 0, 25, 19
7886, 8907, 1673, 761
6480, 18578, 800, 1194
2366, 0, 85, 51
3400, 2823, 143, 381
51601, 1483, 3684, 754
8069, 9510, 811, 724
102029, 18397, 13255, 2735
2932070, 113377, 342315, 96974
1892, 0, 155, 107
1126, 0, 24, 42
169495, 60798, 15806, 5069
20199, 0, 2788, 227
7886, 8907, 1673, 761
2366, 0, 85, 51
2542, 0, 177, 178
3400, 2823, 143, 381
13892, 36278, 2309, 1192
51601, 1483, 3684, 754
102936, 46165, 13509, 4463
8069, 9510, 811, 724
2932070, 113377, 342315, 96974
1892, 0, 155, 107
1126, 0, 24, 42
169495, 60798, 15806, 5069
20199, 0, 2788, 227
801, 0, 19, 22
184218, 63946, 19597, 4671
31297, 0, 2849, 150
46230, 57744, 9712, 2095
1783693, 182954, 226446, 67671
36807, 18168, 7080, 3513
8833, 29593, 1468, 1932
4744, 0, 367, 539
1933, 0, 229, 94
21568, 0, 1694, 106
8959, 0, 807, 204
252578, 105703, 45571, 14063
3042, 1972, 225, 64
4451, 0, 1560, 152
1249, 0, 49, 18
1424, 0, 33, 43
33423, 0, 2420, 214
1763, 0, 257, 94
5967, 36274, 1096, 418
6910, 0, 965, 144
358012, 16026, 16667, 2545
7494, 0, 1933, 86
8959, 0, 807, 204
3042, 1972, 225, 64
4451, 0, 1560, 152
1249, 0, 49, 18
1424, 0, 33, 43
33423, 0, 2420, 214
730, 0, 18, 16
1763, 0, 257, 94
5841, 0, 306, 190
5967, 36274, 1096, 418
358012, 16026, 16667, 2545
1353, 0, 196, 59
25326, 56840, 3573, 4929
2096, 0, 233, 114
1044, 0, 40, 18
672, 0, 160, 54
17354, 0, 2110, 969
1240, 0, 168, 70
68228, 0, 7830, 907
861, 0, 14, 27
2001, 0, 271, 144
6737, 0, 549, 240
81246, 0, 18418, 2708
524, 0, 118, 35
48068, 0, 8591, 836
1917, 0, 202, 147
685, 0, 13, 5
6354, 0, 680, 360
1061, 0, 131, 57
1707, 0, 143, 126
977, 0, 22, 32
2113, 0, 761, 20
3179736, 75215, 406444, 118740
2749, 0, 218, 238
1698, 0, 638, 25
48068, 0, 8591, 836
1917, 0, 202, 147
685, 0, 13, 5
6354, 0, 680, 360
1598713, 0, 135011, 27597
1061, 0, 131, 57
1707, 0, 143, 126
977, 0, 22, 32
2113, 0, 761, 20
3179736, 75215, 406444, 118740
2749, 0, 218, 238
2389, 0, 59, 124
30937, 66667, 7179, 1692
12841, 0, 1488, 511
6500, 0, 993, 463
62176, 80705, 18609, 9601
1982, 0, 47, 45
1956, 0, 190, 51
111636, 109279, 23120, 14429
1478, 0, 111, 76
2594, 0, 420, 20
2538, 0, 600, 169
5592, 0, 1022, 127
1294, 0, 110, 131
8679, 0, 1542, 352
123420, 0, 7791, 300
426, 0, 22, 6
1591, 0, 597, 29
5851, 0, 1998, 210
25589, 0, 3187, 114
4283, 0, 1141, 193
1333, 0, 266, 60
1664, 0, 100, 87
1223, 0, 28, 20
8679, 0, 1542, 352
123420, 0, 7791, 300
588, 0, 23, 8
426, 0, 22, 6
3264, 0, 236, 206
1941, 0, 356, 99
1591, 0, 597, 29
5851, 0, 1998, 210
25589, 0, 3187, 114
4283, 0, 1141, 193
1333, 0, 266, 60
1664, 0, 100, 87
3887, 0, 749, 59
8117, 0, 930, 72
11617, 63893, 8002, 1505
10763, 0, 1501, 371
593, 0, 206, 18
696, 0, 214, 45
3321, 914, 346, 235
6619, 0, 986, 85
2017, 0, 59, 55
1855, 0, 351, 60
7935, 0, 708, 535
439943, 0, 27642, 3793
10513, 0, 1007, 176
3887, 0, 749, 59
8117, 0, 930, 72
11617, 63893, 8002, 1505
10763, 0, 1501, 371
593, 0, 206, 18
696, 0, 214, 45
3321, 914, 346, 235
20820, 13114, 3723, 1530
2017, 0, 59, 55
1855, 0, 351, 60
7935, 0, 708, 535
439943, 0, 27642, 3793
10513, 0, 1007, 176
2738, 0, 318, 186
1584, 0, 218, 89
1751, 0, 363, 18
6078, 0, 2102, 185
2149809, 36927, 283970, 38244
4724, 0, 688, 73
26508, 3934, 2651, 486
3648, 0, 985, 174
585, 0, 200, 6
3168, 0, 225, 186
923, 0, 135, 56
1928, 0, 227, 39
987, 0, 138, 64
2225, 0, 214, 133
4569, 0, 790, 321
3269, 0, 574, 77
461509, 0, 39069, 6046
4112, 0, 990, 143
111837, 74594, 23680, 4031
2768, 0, 323, 110
1018, 0, 116, 24
583, 0, 7, 6
572, 0, 85, 7
1686, 0, 129, 48
819, 0, 162, 17
988, 0, 19, 27
1006, 0, 21, 19
77606, 0, 5771, 412
3289, 0, 431, 159
1612, 0, 53, 25
516795, 156085, 148850, 25548
1887, 0, 245, 27
64933, 0, 3793, 428
500, 0, 5, 6
5151, 0, 662, 158
1019, 0, 119, 40
1386, 0, 39, 28
1554, 0, 51, 32
8422, 0, 590, 201
959, 0, 28, 10
2316, 0, 76, 89
364295, 79055, 52436, 9000
647, 0, 11, 3
69327, 0, 5033, 760
26188, 133500, 7432, 7253
36748, 0, 3815, 449
847, 0, 17, 20
5772, 0, 495, 311
1424, 0, 43, 17
18763, 0, 5350, 577
1322, 0, 39, 29
4315, 0, 885, 49
930, 7025, 61, 42
7871, 0, 1327, 102
537, 0, 5, 3
799052, 0, 77908, 15544
3140, 0, 134, 44
1548, 16733, 258, 208
720, 0, 32, 17
5386, 3269, 412, 154
2252, 0, 354, 96
314657, 0, 47933, 971
6231, 27220, 2395, 531
1343, 0, 43, 19
4315, 0, 885, 49
930, 7025, 61, 42
7871, 0, 1327, 102
537, 0, 5, 3
799052, 0, 77908, 15544
3140, 0, 134, 44
1548, 16733, 258, 208
1288, 0, 225, 20
720, 0, 32, 17
2252, 0, 354, 96
314657, 0, 47933, 971
1343, 0, 43, 19
3376, 0, 187, 152
196033, 0, 12705, 1269
568, 0, 10, 4
90732, 66601, 22318, 4028
1091, 0, 43, 6
36172, 45854, 14762, 2125
32943, 31169, 7772, 1846
4880425, 0, 477748, 24811
2353, 931, 62, 48
507, 0, 8, 8
724, 0, 8, 17
1434, 64228, 736, 334
208720, 0, 26269, 2958
2991196, 61924, 370656, 48016
4772, 16068, 1075, 398
113471, 0, 2977, 105
2223, 14982, 184, 186
1214032, 70991, 118688, 16004
1231, 0, 64, 66
1166, 0, 30, 25
977, 0, 75, 39
3136, 26452, 2885, 117
788, 0, 19, 16
2055, 0, 65, 38
8475, 0, 982, 282
1383, 955, 33, 52
6451, 0, 1268, 130
866, 0, 18, 21
1374, 0, 139, 33
24740, 63554, 5455, 1696
2937, 0, 222, 235
1847, 0, 227, 37
80236, 73222, 6069, 5814
1446, 0, 56, 26
83678, 57439, 17022, 7702
7570, 0, 524, 87
2379, 0, 793, 84
22655, 45083, 2054, 1418
1039, 0, 31, 27
322603, 67521, 20028, 3436
4357, 0, 878, 169
1985, 0, 378, 29
3626, 27677, 393, 413
15923, 25315, 1767, 666
24340, 0, 1800, 142
429, 0, 58, 8
1085, 0, 236, 10
1675, 0, 362, 23
939, 0, 83, 41
7650, 0, 511, 288
3284, 0, 217, 65
1036, 0, 45, 10
2344, 0, 412, 62
5232, 6445, 195, 293
379921, 138265, 28314, 42228
738, 0, 14, 13
272112, 131754, 40077, 21739
864, 0, 22, 6
42083, 61409, 9063, 2631
6341, 31821, 791, 372
3045, 0, 749, 214
68669, 0, 7902, 561
29179, 69485, 5337, 1567
18295, 0, 3959, 122
3274, 0, 577, 100
18915, 63787, 2306, 1954
3502219, 73129, 293614, 30789
816, 0, 110, 50
14785, 120769, 5062, 4838
1969, 0, 542, 2
61367, 36858, 10580, 3261
6284, 0, 1377, 200
653, 0, 45, 24
69433, 23203, 8691, 1520
28286, 75120, 8534, 1970
14618, 15665, 1788, 969
46542, 65142, 17559, 3315
134888, 66915, 26850, 4941
329640, 13451, 35689, 2138
89119, 69107, 15807, 2891
1105276, 78642, 190367, 28607
41420, 0, 6554, 694
4227, 0, 535, 31
22, 0, 376, 37
2304, 0, 308, 107
1593, 0, 36, 35
31999, 0, 3664, 785
53624, 0, 5471, 659
52430, 75761, 21872, 5646
42460, 0, 13492, 2238
2947107, 0, 182078, 15708
123794, 55078, 89502, 4423
218849, 57457, 50147, 14661
1501, 0, 161, 54
20338, 0, 1590, 174
119620, 22836, 19841, 4326
260777, 33682, 32207, 9108
1094459, 30545, 105314, 22162
2535, 0, 426, 117
714073, 32930, 93252, 7473
1796975, 30764, 531109, 82457
78436, 0, 12532, 581
304348, 22612, 36720, 5649
3489515, 295157, 338726, 26125
460652, 0, 35593, 2200
75296, 15911, 23251, 4438
269530, 155841, 38316, 13936
79892, 18587, 12760, 2901
183623, 0, 10603, 759
7099, 26850, 8275, 218
1864512, 164793, 301344, 105029
195851, 83049, 36563, 9560
8654, 26083, 1880, 4595
1862, 0, 194, 123
12620, 69486, 4706, 4898
1867, 0, 230, 46
9701, 30389, 30446, 163
67731, 0, 2830, 274
269530, 155841, 38316, 13936
79892, 18587, 12760, 2901
1864512, 164793, 301344, 105029
1779, 0, 256, 36
325841, 40781, 17945, 2594
161079, 226738, 35971, 16825
8654, 26083, 1880, 4595
1862, 0, 194, 123
12620, 69486, 4706, 4898
1867, 0, 230, 46
9701, 30389, 30446, 163
87377, 0, 5500, 985
64657, 0, 5565, 869
1148686, 167771, 253815, 44946
367897, 30309, 22387, 1689
152623, 0, 8132, 1606
483180, 15964, 48050, 13682
568884, 341680, 152802, 44833
438496, 164345, 45323, 10075
227569, 15243, 16607, 4394
1616210, 215243, 202930, 27418
2109881, 229839, 476463, 157972
87377, 0, 5500, 985
64657, 0, 5565, 869
1148686, 167771, 253815, 44946
664452, 244059, 122782, 51511
233165, 29912, 24238, 5268
367897, 30309, 22387, 1689
152623, 0, 8132, 1606
483180, 15964, 48050, 13682
568884, 341680, 152802, 44833
438496, 164345, 45323, 10075
2570573, 148623, 683399, 166421
227569, 15243, 16607, 4394
1616210, 215243, 202930, 27418
2109881, 229839, 476463, 157972
20477, 28817, 2937, 1669
27970, 16605, 3054, 17
0, 0, 0, 0
