0
0
0
0
0
0
0
0
0
0
0
0
0
0
0
0
0
0
0
0
0
0
0
0
0
0
0
0
0
0
0
0
0
0
0
0
0
0
0
0
0
0
0
0
0
0
0
0
0
0
0
0
0
0
0
0
0
0
0
0
0
0
0
0
0
0
0
0
0
0
0
0
0
0
0
0
0
0
0
0
0
0
0
0
0
0
0
0
0
0
0
0
0
0
25676
0
0
0
0
0
0
0
0
0
0
0
0
0
0
0
0
0
0
0
0
0
0
0
0
0
0
0
0
0
0
0
0
0
0
0
0
0
0
0
0
0
0
0
0
0
0
0
0
0
0
0
0
0
0
0
0
0
0
0
0
0
0
0
0
0
0
0
0
0
0
0
0
0
0
0
0
0
0
0
0
0
0
0
0
0
0
0
0
0
0
0
0
0
0
0
0
0
72804
0
0
0
0
0
0
0
0
0
0
0
0
0
72804
0
0
0
0
0
0
0
0
0
0
0
0
0
72804
0
0
0
0
0
0
0
0
0
0
0
0
0
0
0
0
0
0
0
0
0
0
0
0
0
0
0
0
0
0
0
0
0
0
0
0
0
0
0
0
0
0
0
0
0
0
0
0
29668
0
0
0
49225
0
0
0
0
0
0
0
0
0
27945
0
16057
0
0
6684
0
0
0
0
209
0
0
0
0
0
0
6684
0
0
0
0
209
0
0
0
0
0
0
0
0
11732
26813
0
23138
0
0
0
0
0
13869
0
0
76854
0
0
72617
0
0
0
0
0
0
0
0
0
0
0
0
0
0
0
0
0
0
0
0
0
0
0
0
0
0
0
0
0
0
0
0
0
0
0
0
0
0
0
0
0
0
0
0
0
0
0
0
0
0
0
0
0
0
0
0
0
0
0
70133
0
0
0
0
41186
0
0
0
0
0
0
0
0
0
0
0
0
0
0
0
0
0
0
0
0
0
0
133300
0
0
0
0
0
0
0
0
0
0
0
0
102524
0
0
0
0
0
0
0
0
0
0
0
0
0
0
0
0
0
0
0
0
0
0
60318
0
0
0
0
0
0
0
0
0
0
0
0
0
0
0
0
0
0
0
0
0
0
0
0
0
0
0
0
65141
0
0
0
0
0
0
0
0
0
0
0
15100
0
0
0
0
0
0
0
0
0
0
0
0
0
0
0
0
0
61478
0
0
0
0
0
0
0
0
0
0
0
0
0
61478
0
0
0
0
0
0
0
0
0
0
0
0
0
0
0
0
0
0
0
0
0
0
0
0
0
0
0
0
0
0
0
0
0
0
0
0
0
0
0
0
0
0
0
0
0
0
0
0
0
0
0
0
0
0
12782
58708
0
0
43
0
0
8907
18578
0
0
2823
36278
1483
46165
9510
18397
0
0
60798
0
8907
18578
0
0
2823
36278
1483
46165
9510
18397
0
0
60798
0
0
63946
0
11740
57744
0
18168
0
29593
0
0
0
121744
0
0
0
1972
0
0
0
0
0
0
0
36274
0
0
0
0
1972
0
0
0
0
0
0
0
36274
0
0
56840
0
0
0
0
0
0
0
0
0
0
0
0
0
0
0
0
0
0
0
0
0
0
0
0
0
0
66667
0
0
0
0
0
0
0
0
0
0
0
0
66667
0
0
80705
0
0
0
109279
0
0
0
0
0
0
0
0
0
0
0
0
0
0
0
0
0
0
0
0
0
0
0
0
0
0
0
0
0
0
0
0
0
0
0
0
0
0
0
0
63893
0
0
0
914
0
13114
0
0
0
0
0
0
0
63893
0
0
0
914
0
13114
0
0
0
0
0
0
0
0
0
0
0
3934
0
0
0
0
0
0
0
0
0
0
0
0
74594
0
0
0
0
0
147264
0
0
0
0
0
0
0
0
0
0
0
0
0
0
0
0
0
0
0
0
0
0
0
133500
0
0
0
0
0
0
0
7025
0
0
0
16733
0
0
3269
0
27220
0
0
0
7025
0
0
0
16733
0
0
3269
0
27220
0
0
0
0
0
0
0
66601
0
0
45854
31169
0
931
0
0
64228
16068
0
14982
0
0
0
0
0
26452
0
0
0
955
0
0
0
0
63554
0
0
73222
0
57439
68438
0
0
4299
0
0
34824
45083
0
5919
0
0
27677
25315
0
0
0
0
0
0
0
0
0
6445
0
0
61409
31821
0
0
69485
0
0
53779
63787
0
138088
120769
0
0
36858
0
0
23203
54688
75120
15665
0
65142
66915
69107
0
0
0
0
0
0
0
0
75761
0
0
55078
0
0
22836
0
0
0
15911
0
18587
0
26850
83049
0
226738
26083
0
69486
0
30389
0
18587
0
26850
83049
0
226738
26083
0
69486
0
30389
0
0
0
28817
0
0
0
28817
16605
0
0
364240
