5258.4
5481.89
6730.691
5975.622
5294.882
6142.725
6579.454
5841.212
5952.025
6423.467
5495.89
6250.652
6600.57
6677.631
5662.627
9710.158
6653.169
19785.83
7494.146
7941.817
11456.98
11477.69
5444.446
6838.061
6402.543
5626.915
6078.491
5679.859
5976.005
5828.461
5639.838
7683.057
6721.383
10721.43
7137.688
7526.108
5460.466
5820.884
5549.142
5689.609
6066.701
6418.985
7160.458
5891.367
5902.079
5882.579
5474.408
6588.589
9726.372
6659.842
6026.892
6914.832
5872.271
6428.293
6715.825
5919.369
10373.28
6735.634
6796.501
6290.287
5368.096
6972.526
9097.922
11046.98
7669.056
8898.413
7901.373
59662.6
5900.272
16900.99
5935.793
5919.869
13735.38
6925.122
6416.927
5190.993
5341.115
7347.849
7700.192
6209.516
6703.997
7393.968
5454.35
5383.962
6013.545
8202.693
6532.99
6185.361
8882.123
6877.408
5951.659
6169.591
9088.422
5441.869
73013.2
5791.229
6945.834
6997.259
6964.989
6799.04
7493.106
13931.37
5628.068
8019.57
6878.562
27139.43
6781.616
6558.664
6768.557
5688.956
7342.965
26304.28
5594.317
5759.189
7370.542
6469.084
13916.23
6525.663
5427.926
5190.993
7844.832
5870.905
7735.461
5322.268
8767.928
6501.969
9347.298
11214.08
7712.596
6987.259
6542.818
6685.938
7423.544
6320.558
7562.782
7844.832
5870.905
7735.461
5322.268
8767.928
6501.969
9347.298
11214.08
7712.596
6987.259
6542.818
6685.938
7423.544
6320.558
7562.782
6413.813
6356.636
9299.122
7997.127
19741.71
6317.655
11169.75
6687.977
6350.117
6565.242
8938.3
10077.98
6221.285
35769.12
12008.25
6413.813
6356.636
9299.122
7997.127
19741.71
6317.655
11169.75
6687.977
6350.117
6565.242
8938.3
10077.98
6221.285
35769.12
12008.25
6213.208
6145.128
7077.955
7613.419
7509.838
7011.818
5815.73
8805.584
10279.97
7242.943
6381.157
92783.78
-29415.46
48671.54
6213.208
6145.128
7077.955
7613.419
7509.838
7011.818
5815.73
8805.584
10279.97
7242.943
6381.157
92783.78
-29415.46
48671.54
6213.208
6145.128
7077.955
7613.419
7509.838
7011.818
5815.73
8805.584
10279.97
7242.943
6381.157
92783.78
-29415.46
48671.54
16991
5922.542
27915.58
67418.07
61116.69
22069.86
53402.09
27800.55
41835.54
16965.38
16991
5922.542
27915.58
67418.07
61116.69
22069.86
53402.09
27800.55
41835.54
16965.38
16991
5922.542
27915.58
67418.07
61116.69
22069.86
53402.09
27800.55
41835.54
16965.38
16991
5922.542
27915.58
67418.07
61116.69
22069.86
53402.09
27800.55
41835.54
16965.38
13261.11
22368.33
19471.77
53606.23
14122.21
5371.481
125247.1
24288.16
22859.5
32471.34
27414.45
68543.95
9350.067
32474.46
8851.621
7784.906
8088.36
13207.78
11536.83
17940.72
18894.25
9912.795
14755.73
25577.37
12991.27
11618.37
19214.72
10873.11
5814.114
19716.91
14256.69
5814.993
14241.52
26197.77
6003.103
11453.67
5624.28
11618.37
19214.72
10873.11
5814.114
19716.91
14256.69
5814.993
14241.52
26197.77
6003.103
11453.67
5624.28
58452.9
13664.94
12923.37
96985.09
15101.17
9091.461
4463.635
12175.28
14176.11
20283.82
5914.831
7013.645
13445.91
10517.73
7675.228
12388.37
13303.69
9013.226
39945.67
7517.895
5980.602
13068.92
9484.588
8136.9
20142.44
7119.707
6646.533
9188.038
23193.84
31396.08
7175.112
5984.14
14753.65
6062.471
33656.06
6499.276
5686.225
7353.811
14821.06
244736.1
16521.49
5741.554
10288.95
10518.88
8204.46
10154.43
9757.89
9580.344
7742.904
7061.281
6743.902
7319.618
16527.72
11315.53
5832.404
5190.993
6288.384
6123.05
7949.607
5827
5546.411
11144.46
7533.761
5784.306
7046.664
28461.29
5662.473
6053.066
6136.935
8799.411
6153.109
7634.553
55816.51
8192.845
5688.956
6483.314
7503.202
5685.975
158696.5
5969.294
6014.661
6128.82
19287.7
-1710.623
5999.045
25525.87
8288.387
7314.368
5563.643
6085.606
5928.561
28852.8
5936.908
5666.012
6203.592
5354
10644.52
7146.381
5807.903
6710.785
8554.263
7627.034
46857.59
5736.246
5442.676
6832.233
-4310.815
8835.469
6003.641
5426.003
7702.25
5511.602
6636.917
6464.314
14088.51
6309.038
19323.37
7087.147
5357.788
9882.712
13320.74
5521.852
6772.5
8133.613
6338.193
6905.831
13132.59
6891.831
5741.708
14587
5499.929
10522.55
6104.549
6942.314
5681.224
8463.935
6274.999
5724.072
15976.7
8577.552
8283.695
5592.952
6428.884
7912.988
7643.382
6275.191
6410.37
6078.029
7427.199
5834.231
5924.773
7342.695
6845.444
5526.661
7215.325
5740.034
24468.53
25452.63
5520.641
6441.024
6094.241
6193.38
45241.83
6002.429
5444.042
6247.747
13326.81
21809.56
5536.103
8624.266
13145.3
22361.52
5501.948
6211.477
10717.62
5526.199
14600.8
5624.28
5353.038
20359.45
5633.472
5654.339
44755.92
19319.91
5434.291
20230.44
6595.3
6501.604
5821.596
13962.08
6406.253
5384.52
6341.02
7125.321
7041.394
5757.824
8132.803
7400.815
8022.049
5277.65
13989.5
-95.9103
5600.529
13962.08
6406.253
5384.52
6341.02
7125.321
7041.394
5757.824
8132.803
7400.815
8022.049
5277.65
13989.5
-95.9103
5600.529
41504.26
5587.644
9358.468
5996.622
6574.684
8868.698
6427.427
5999.449
5448.388
9477.975
6483.16
5814.614
5553.335
7973.855
6414.542
6440.87
6462.448
13503.7
6618.993
10363.59
6380.233
5751.708
5504.775
6426.87
8274.464
6295.191
7516.259
6292.172
5949.831
6557.183
6440.87
6462.448
13503.7
6618.993
10363.59
6380.233
5751.708
5504.775
6426.87
8274.464
6295.191
7516.259
6292.172
5949.831
6557.183
8480.165
12897.07
5753.073
8717.809
6548.24
5415.291
7849.292
5663.281
31652.39
16905.86
6242.709
5694.609
8100.284
5458.946
6583.511
13188.77
10728.88
5956.351
7553.857
8225.495
5722.537
22018.11
64667.4
10268.72
59423.67
6736.613
5702.744
69742.24
14807.37
13188.77
10728.88
5956.351
7553.857
8225.495
5722.537
22018.11
64667.4
10268.72
59423.67
6736.613
5702.744
69742.24
14807.37
5475.62
73670.19
14139.75
112.1061
23711.51
7470.221
51959.22
5648.377
14833.54
11910.51
6788.058
10691.95
190723.4
57780.47
11093.62
9455.897
5467.755
10839.38
5510.083
5736.65
13719.77
5408.771
6860.215
8014.838
-5692.456
9220.35
6328.097
11093.62
9455.897
5467.755
10839.38
5510.083
5736.65
13719.77
5408.771
6860.215
8014.838
-5692.456
9220.35
6328.097
38702.04
7012.605
5486.89
6181.764
21008.42
6373.772
35084.89
5516.295
7985.625
7872.235
7431.891
9176.654
81662.74
5870.001
7871.796
36285.46
7286.212
5278.054
7365.486
10799.68
6139.166
6909.216
5590.471
7366.352
8302.234
7102.937
6671.322
8393.545
36285.46
7286.212
5278.054
7365.486
10799.68
6139.166
6909.216
5590.471
7366.352
8302.234
7102.937
6671.322
8393.545
14499.43
12709.62
115532.2
5794.152
5532.161
6226.939
164549.3
131037.6
10274.6
6291.153
6487.585
8547.533
9185.137
6389.6
6877.734
6632.802
5477.389
12935.39
28482.22
5335.96
5311.959
8005.837
7168.9
7040.127
12589.41
14625.15
10198.79
6519.201
7164.304
6380.637
6632.802
5477.389
12935.39
28482.22
5335.96
5311.959
8005.837
7168.9
7040.127
12589.41
14625.15
10198.79
6519.201
7164.304
6380.637
7753.194
8358.892
9902.01
13033.25
5914.677
6224.516
8141.736
8642.462
24600.06
5932.196
6738.249
12746.43
9671.368
8562.9
7753.194
8358.892
9902.01
13033.25
5914.677
6224.516
8141.736
8642.462
24600.06
5932.196
6738.249
12746.43
9671.368
8562.9
8002.914
6706.151
6319.27
12589.62
9710.102
7745.963
15256.46
9593.25
5770.671
7763.251
6138.762
6193.746
6232.189
7167.169
6082.279
10665.39
7495.03
5498.813
9274.064
71998.31
5624.53
7201.69
5747.016
5273.304
5485.024
156797.6
6037.604
5790.575
5884.348
5529.18
12388.73
5448.638
9060.324
24476.36
8004.896
5595.375
6111.588
19550.39
5268.15
8589.478
5926.138
5591.432
8248.272
5665.204
8864.546
5370.27
6340.212
5251.476
26302.28
35108.96
19832.04
5449.042
9798.044
5483.909
25158.91
5602.144
7996.551
2276.206
9703.332
5236.014
6007.642
-304.9061
5985.064
5455.561
6263.504
7131.61
3404.657
5792.69
5505.333
7996.551
2276.206
9703.332
5236.014
6007.642
-304.9061
5985.064
5455.561
6263.504
7131.61
3404.657
5792.69
5505.333
7301.117
51525.64
5259.611
5540.449
7559.819
72463.44
5366.077
5298.67
43007.76
29367.81
7638.342
5398.199
5297.305
5393.713
-21534.35
4169.19
13987.57
146.5705
6652.457
5460.312
6062.913
5536.103
5802.037
617.6742
5411.348
5765.555
10742.41
5354.281
9851.223
5773.286
5462.331
5902.695
5554.253
8280.406
6172.322
46401.51
5613.818
102764.5
2740.873
7473.298
8134.383
4046.173
6017.238
7687.767
38794.21
3072.032
5560.104
2999.095
9263.948
6475.757
-3247.679
4187.444
11350.75
5426.156
5906.292
6370.253
5844.077
9592.902
6446.486
5414.079
6916.871
5601.007
5366.327
5311.959
25943.23
-4738.75
9413.549
31564.1
894.8939
16700.31
7749.136
15746.15
86.06193
6010.065
96844.1
9514.517
7735.309
6609.167
48909.44
10881.96
5564.047
32237.64
177545.5
10625.55
12325.18
6465.045
53293.17
93765.15
42248.55
29514.95
6901.775
7249.616
6556.299
7130.899
5658.685
23042.12
26349.11
84053.81
63933.66
41736.38
255606.7
6184.341
11152.35
91213.29
7542.108
43709.98
15707.31
104672.5
15419.07
59830.97
40645.62
15390.24
160185.9
6236.343
164446.2
46180.94
7008.509
34949.85
6276.46
70162.19
15419.07
59830.97
40645.62
15390.24
160185.9
6236.343
164446.2
46180.94
7008.509
34949.85
6276.46
70162.19
29915.94
28840.86
43350.82
16190.99
29915.94
28840.86
43350.82
16190.99
4918.655
5190.993
5190.993
157610.7
