22
63
585
292
32
361
518
244
287
445
110
353
468
527
50
835
451
5148
848
764
2074
1471
36
556
387
165
228
65
76
52
37
701
465
1959
506
611
63
74
60
48
53
65
307
39
39
73
31
401
1311
491
129
220
69
185
467
133
739
483
278
40
23
126
984
1387
654
732
528
17043
163
2104
156
75
2451
569
218
0
25
122
770
283
425
514
44
25
49
753
209
257
522
405
158
201
972
35
3409
129
523
385
572
412
540
2340
74
657
314
5017
505
273
263
81
303
5358
90
75
189
338
2039
202
67
0
531
56
235
26
1043
251
1193
342
488
431
483
206
168
85
513
531
56
235
26
1043
251
1193
342
488
431
483
206
168
85
513
408
99
954
561
3967
379
728
398
84
367
947
587
246
6013
1627
408
99
954
561
3967
379
728
398
84
367
947
587
246
6013
1627
326
125
408
595
613
453
72
1174
1451
551
254
11024
111
6651
326
125
408
595
613
453
72
1174
1451
551
254
11024
111
6651
326
125
408
595
613
453
72
1174
1451
551
254
11024
111
6651
3918
22
5950
14470
14789
4143
9875
5710
7756
2819
3918
22
5950
14470
14789
4143
9875
5710
7756
2819
3918
22
5950
14470
14789
4143
9875
5710
7756
2819
3918
22
5950
14470
14789
4143
9875
5710
7756
2819
2321
4184
3829
8304
2784
16
27038
7820
3510
7510
2850
17026
1086
4190
161
541
347
1523
567
1726
3422
3802
1708
6458
1572
1563
6447
1332
88
3072
2009
129
2398
2673
232
1258
85
1563
6447
1332
88
3072
2009
129
2398
2673
232
1258
85
12155
2353
1608
13116
5566
1048
3396
1405
1030
2868
231
541
3611
1165
195
7768
1024
868
13044
321
57
405
178
158
1828
578
278
171
3461
6224
321
75
535
201
2566
92
55
116
2228
32266
664
64
1309
1074
205
1103
654
768
400
414
295
269
1398
1300
66
0
218
158
846
93
34
448
323
118
267
1261
25
135
47
1076
99
200
8613
267
81
144
440
84
9006
169
91
260
2814
2570
60
1344
196
321
49
131
95
5208
198
43
156
30
254
526
123
66
162
301
7244
37
27
375
11022
878
41
33
617
87
108
120
2322
93
2275
370
19
12226
802
12
277
668
96
150
1976
103
89
3114
70
348
76
160
78
871
271
78
702
117
269
77
7821
466
590
163
336
153
344
154
106
120
85
97
241
26
4708
5385
24
165
72
98
11842
53
40
90
1856
5501
30
397
2301
3806
50
184
644
22
2155
85
13
2278
47
26
9891
4118
57
1089
308
122
120
577
85
46
68
98
107
62
119
791
155
17
438
1171
55
577
85
46
68
98
107
62
119
791
155
17
438
1171
55
12337
50
154
84
300
151
114
56
50
774
119
30
45
261
109
140
165
1775
259
278
104
43
22
93
440
71
125
207
70
102
140
165
1775
259
278
104
43
22
93
440
71
125
207
70
102
445
330
56
558
111
33
142
17
7588
7878
246
25
148
25
133
1673
800
85
177
143
2309
3684
13509
811
13255
155
24
15806
2788
1673
800
85
177
143
2309
3684
13509
811
13255
155
24
15806
2788
19
19597
2849
205
9712
581
7080
32
1468
367
229
1694
25102
12131
1933
807
225
1560
49
33
2420
18
257
306
1096
965
196
1933
807
225
1560
49
33
2420
18
257
306
1096
965
196
3573
233
40
160
2110
168
7830
14
224
180
271
549
18418
118
874
8591
202
13
690
680
131
143
22
761
218
638
59
7179
8591
202
13
690
680
131
143
22
761
218
638
59
7179
1488
993
18609
47
16
190
23120
8331
788
111
420
600
1022
303
110
414
28
1542
7791
23
22
236
356
597
1998
3187
1141
266
375
100
414
28
1542
7791
23
22
236
356
597
1998
3187
1141
266
375
100
749
930
8002
1501
206
214
346
986
3723
59
351
708
1007
660
749
930
8002
1501
206
214
346
986
3723
59
351
708
1007
660
318
218
363
2102
1313
688
2651
985
200
225
135
227
138
214
217
790
574
28
990
23680
56
323
116
7
85
10775
129
162
82
19
1625
21
932
5771
431
53
245
3793
5
662
119
39
779
51
590
28
76
11
5033
7432
3815
17
495
43
5350
39
885
61
1327
5
134
258
225
32
412
354
2395
88
43
885
61
1327
5
134
258
225
32
412
354
2395
88
43
187
12705
10
40
171
22318
43
21
14762
7772
189
62
8
8
736
1075
2977
184
405
38
64
30
75
2885
19
65
982
33
1268
68
18
139
5455
222
227
6069
56
17022
2358
524
793
151
92
283
10499
2054
31
64
878
378
393
1767
1800
58
236
362
83
511
217
45
412
195
14
22
9063
791
749
7902
5337
3959
577
8456
2306
110
7361
5062
767
542
10580
1377
45
8691
38871
8534
1788
378
17559
26850
15807
6554
535
591
376
308
36
3664
5471
21872
13492
10648
89502
161
1590
19841
426
12532
2601
23251
2830
12760
10603
8275
36563
256
35971
1880
194
4706
230
30446
2830
12760
10603
8275
36563
256
35971
1880
194
4706
230
30446
5500
5565
8132
2937
5500
5565
8132
2937
3054
0
0
122926
