485
2373
5632
2019
895
2730
2757
1580
1830
2800
2382
1491
5141
6628
2243
8413
2063
77241
7497
4514
15016
15337
1129
5049
3854
2170
1608
1900
1912
2240
864
4655
2385
21427
4664
3355
1339
1632
1314
1068
1661
1753
4734
1688
1472
2285
879
3294
14146
2784
2110
4674
2088
4597
4307
2101
4514
2110
3934
1850
1531
3566
3607
5760
3324
3340
3601
189717
1227
17498
1641
1294
12070
4704
1320
0
886
2273
2993
1083
2518
2827
581
587
1623
4597
1723
1695
5612
2411
2170
1877
5830
2041
53041
1707
2723
4744
3376
2707
3968
20307
1410
6028
3466
52332
2252
2046
3444
1543
3001
32322
1324
1565
4635
3402
14136
2121
1105
0
3555
1657
4674
621
4588
3340
4157
3221
5522
3274
2753
2627
3907
1907
3745
3555
1657
4674
621
4588
3340
4157
3221
5522
3274
2753
2627
3907
1907
3745
1723
1709
4460
2264
47287
2167
8210
4243
2800
1872
9163
7260
2494
31076
8573
1723
1709
4460
2264
47287
2167
8210
4243
2800
1872
9163
7260
2494
31076
8573
1243
2704
2135
3954
6122
3941
2130
10669
5666
4859
3690
108163
1479
48162
1243
2704
2135
3954
6122
3941
2130
10669
5666
4859
3690
108163
1479
48162
1243
2704
2135
3954
6122
3941
2130
10669
5666
4859
3690
108163
1479
48162
14671
2240
15234
59222
104444
9213
65479
25330
29512
7069
14671
2240
15234
59222
104444
9213
65479
25330
29512
7069
14671
2240
15234
59222
104444
9213
65479
25330
29512
7069
14671
2240
15234
59222
104444
9213
65479
25330
29512
7069
3840
7147
8410
48384
15533
972
179833
16816
9234
48653
34117
91836
2304
28205
2231
3058
3666
6094
6530
16860
36330
7574
15281
17456
7572
6598
3188
3555
1205
20612
23473
1559
31399
16622
828
8951
1264
6598
3188
3555
1205
20612
23473
1559
31399
16622
828
8951
1264
45929
7017
5634
163224
9735
5496
2364
6515
14525
15284
535
2310
26766
4607
2605
50389
10998
9498
50979
3527
1326
7080
4754
3493
20644
2784
2077
4496
67382
27136
1770
810
9136
1641
31351
1079
1646
1693
15096
166354
21025
2079
15337
11536
8386
3081
1867
2997
1882
972
1249
1711
13448
6711
1862
3
969
1006
1980
2570
1058
4267
2434
681
2373
17522
1000
1134
1895
3948
2408
2427
43343
2792
1974
1003
3182
1079
116490
3187
2298
918
13199
5841
2210
17291
8409
6403
1279
1064
2670
30186
4315
1267
1267
759
5584
2270
2282
2319
3601
4891
34842
1185
855
1982
75476
5768
1487
1177
2888
571
1396
996
7176
1229
11814
3230
800
24502
15636
783
2867
3821
3860
1995
5724
3269
1028
8618
621
5519
1211
2474
1959
3739
1969
700
11034
3989
5026
1943
9096
1852
2022
3648
840
3294
3001
797
1326
2366
2753
795
2055
1136
18430
49134
1126
1384
1251
1410
164388
1341
914
2980
8898
78420
1119
10521
15525
22021
1440
844
4112
937
12825
917
772
14131
1432
1138
132824
13959
587
15596
2477
1779
1297
10362
1171
914
1202
1872
2074
2222
3117
964
2066
662
9317
17327
553
10362
1171
914
1202
1872
2074
2222
3117
964
2066
662
9317
17327
553
84000
657
4775
966
3499
3867
2172
1935
508
5619
1806
1560
561
3099
1815
1510
1214
15840
4980
4135
1865
1249
1051
2811
4259
1024
4469
1959
872
2279
1510
1214
15840
4980
4135
1865
1249
1051
2811
4259
1024
4469
1959
872
2279
2074
5618
1440
4332
1985
953
2147
1202
23354
27504
1704
1193
2203
1189
1442
7886
6480
2366
2542
3400
13892
51601
102936
8069
102029
1892
1126
169495
20199
7886
6480
2366
2542
3400
13892
51601
102936
8069
102029
1892
1126
169495
20199
801
184218
31297
1856
46230
2521
36807
1312
8833
4744
1933
21568
184844
132545
7494
8959
3042
4451
1249
1424
33423
730
1763
5841
5967
6910
1353
7494
8959
3042
4451
1249
1424
33423
730
1763
5841
5967
6910
1353
25326
2096
1044
672
17354
1240
68228
861
2619
2772
2001
6737
81246
524
2199
48068
1917
685
4097
6354
1061
1707
977
2113
2749
1698
2389
30937
48068
1917
685
4097
6354
1061
1707
977
2113
2749
1698
2389
30937
12841
6500
62176
1982
844
1956
111636
58252
4902
1478
2594
2538
5592
1811
1294
1372
1223
8679
123420
588
426
3264
1941
1591
5851
25589
4283
1333
2980
1664
1372
1223
8679
123420
588
426
3264
1941
1591
5851
25589
4283
1333
2980
1664
3887
8117
11617
10763
593
696
3321
6619
20820
2017
1855
7935
10513
4332
3887
8117
11617
10763
593
696
3321
6619
20820
2017
1855
7935
10513
4332
2738
1584
1751
6078
9529
4724
26508
3648
585
3168
923
1928
987
2225
1714
4569
3269
778
4112
111837
1347
2768
1018
583
572
101209
1686
819
872
988
9877
1006
3975
77606
3289
1612
1887
64933
500
5151
1019
1386
3854
1554
8422
959
2316
647
69327
26188
36748
847
5772
1424
18763
1322
4315
930
7871
537
3140
1548
1288
720
5386
2252
6231
895
1343
4315
930
7871
537
3140
1548
1288
720
5386
2252
6231
895
1343
3376
196033
568
1297
2612
90732
1091
395
36172
32943
2147
2353
507
724
1434
4772
113471
2223
1907
929
1231
1166
977
3136
788
2055
8475
1383
6451
1166
866
1374
24740
2937
1847
80236
1446
83678
15960
7570
2379
3011
1168
3423
66146
22655
1039
1064
4357
1985
3626
15923
24340
429
1085
1675
939
7650
3284
1036
2344
5232
738
864
42083
6341
3045
68669
29179
18295
3274
82725
18915
816
99037
14785
4560
1969
61367
6284
653
69433
142211
28286
14618
1946
46542
134888
89119
41420
4227
0
22
2304
1593
31999
53624
52430
42460
98024
123794
1501
20338
119620
2535
78436
32575
75296
67731
79892
183623
7099
195851
1779
161079
8654
1862
12620
1867
9701
67731
79892
183623
7099
195851
1779
161079
8654
1862
12620
1867
9701
87377
64657
152623
20477
87377
64657
152623
20477
27970
0
0
31161
