1
12
3
3
2
2
5
2
2
8
2
14
19
12
32
221
28
124
11
73
86
233
15
20
20
1
28
30
55
47
33
64
31
45
60
71
10
41
19
35
69
99
110
56
57
47
19
34
108
19
47
108
47
71
30
36
306
28
83
93
11
136
128
213
74
170
126
985
27
587
32
50
208
25
62
0
8
172
49
27
39
82
14
12
65
100
75
31
219
60
33
43
130
15
6713
25
38
76
28
51
85
253
23
106
82
842
27
62
84
27
128
682
16
35
158
38
324
76
6
0
120
50
181
6
83
62
101
480
118
64
10
90
168
85
98
120
50
181
6
83
62
101
480
118
64
10
90
168
85
98
16
85
154
127
404
14
383
44
88
40
122
315
37
1408
245
16
85
154
127
404
14
383
44
88
40
122
315
37
1408
245
17
59
78
83
69
61
41
55
126
59
50
5525
150
2459
17
59
78
83
69
61
41
55
126
59
50
5525
150
2459
17
59
78
83
69
61
41
55
126
59
50
5525
150
2459
159
63
690
2328
1663
579
2125
737
1555
421
159
63
690
2328
1663
579
2125
737
1555
421
159
63
690
2328
1663
579
2125
737
1555
421
159
63
690
2328
1663
579
2125
737
1555
421
195
597
412
2522
164
13
4703
1290
805
740
1389
4122
127
1539
303
112
187
382
456
775
456
834
482
1101
350
224
71
210
37
617
363
37
268
1318
20
282
20
224
71
210
37
617
363
37
268
1318
20
282
20
2048
225
335
5963
841
112
198
314
591
719
12
40
551
217
185
2400
511
148
3505
140
60
638
358
237
956
41
69
332
848
949
108
56
764
33
2040
100
33
174
363
14600
898
36
161
239
232
198
269
225
142
75
74
134
722
259
44
0
50
49
54
37
25
448
141
27
109
1869
38
48
77
78
66
180
2654
216
27
86
110
26
15446
32
55
25
639
665
61
1575
242
121
23
52
46
956
22
34
57
8
448
56
28
126
275
155
2147
42
17
63
2700
129
66
14
86
9
109
90
272
82
772
88
11
2295
566
28
81
114
84
124
266
134
30
128
12
414
67
125
27
96
36
31
838
288
224
19
1057
142
87
62
33
46
126
23
43
172
134
8
131
45
667
596
25
77
67
70
890
63
14
77
313
228
25
225
189
3736
17
51
361
26
360
20
12
868
30
37
1314
1035
9
1142
57
93
30
680
93
7
91
157
147
38
246
16
227
4
716
2102
25
680
93
7
91
157
147
38
246
16
227
4
716
2102
25
422
25
352
55
57
307
88
62
12
214
92
51
23
197
88
83
79
349
71
416
86
42
24
93
182
86
187
53
54
103
83
79
349
71
416
86
42
24
93
182
86
187
53
54
103
200
640
39
195
100
13
214
40
1243
1946
39
41
238
19
98
761
1194
51
178
381
1192
754
4463
724
2735
107
42
5069
227
761
1194
51
178
381
1192
754
4463
724
2735
107
42
5069
227
22
4671
150
26
2095
73
3513
35
1932
539
94
106
16979
1991
86
204
64
152
18
43
214
16
94
190
418
144
59
86
204
64
152
18
43
214
16
94
190
418
144
59
4929
114
18
54
969
70
907
27
207
207
144
240
2708
35
40
836
147
5
37
360
57
126
32
20
238
25
124
1692
836
147
5
37
360
57
126
32
20
238
25
124
1692
511
463
9601
45
28
51
14429
9744
285
76
20
169
127
39
131
35
20
352
300
8
6
206
99
29
210
114
193
60
94
87
35
20
352
300
8
6
206
99
29
210
114
193
60
94
87
59
72
1505
371
18
45
235
85
1530
55
60
535
176
156
59
72
1505
371
18
45
235
85
1530
55
60
535
176
156
186
89
18
185
106
73
486
174
6
186
56
39
64
133
31
321
77
22
143
4031
27
110
24
6
7
18453
48
17
45
27
281
19
137
412
159
25
27
428
6
158
40
28
98
32
201
10
89
3
760
7253
449
20
311
17
577
29
49
42
102
3
44
208
20
17
154
96
531
35
19
49
42
102
3
44
208
20
17
154
96
531
35
19
152
1269
4
23
180
4028
6
5
2125
1846
183
48
8
17
334
398
105
186
39
16
66
25
39
117
16
38
282
52
130
38
21
33
1696
235
37
5814
26
7702
2407
87
84
58
55
165
2241
1418
27
57
169
29
413
666
142
8
10
23
41
288
65
10
62
293
13
6
2631
372
214
561
1567
122
100
1468
1954
50
13248
4838
53
2
3261
200
24
1520
9298
1970
969
28
3315
4941
2891
694
31
50
37
107
35
785
659
5646
2238
850
4423
54
174
4326
117
581
356
4438
274
2901
759
218
9560
36
16825
4595
123
4898
46
163
274
2901
759
218
9560
36
16825
4595
123
4898
46
163
985
869
1606
1669
985
869
1606
1669
17
0
0
1703
